

name=H2O-H2O

      8             0        1.531750     .005922    -.120880
      1             0         .575968    -.005249     .024966
      1             0        1.906249    -.037561     .763218
---
      8             0       -1.396226    -.004990     .106766
      1             0       -1.789372    -.742283    -.371009
      1             0       -1.777037     .777638    -.304264
*********************************************************

name=He-He

      2             0       -2.850000   -0.000000   -0.000000
---
      2             0        2.850000   -0.000000   -0.000000
*********************************************************
